maths 9 01/01/2019 301584218 351554820 351554820 
208985175 203366187 205584719 231522974 306947996 205985225 
science 7 08/01/2019 301584218 205985225 301528474 306947996 231522974 321230203 200366978 
english 6 05/01/2019 301584218 301528474 321230203 205584719 203366187 206898971 
commerce 7 11/01/2019 301584218 200366978 205584719 200963589 305885965 206898971 208985175 
physics 5 14/01/2019 305184255 206898971 203366187 305885965 200963589 
chemistry 6 19/01/2019 351554820 306947996 231522974 321230203 200366978 208985175 
electronics 5 22/01/2019 351554820 205985225 200963589 305885965 208985175 
calculus 5 27/01/2019 305184255 301528474 205584719 203366187 206898971 
algebgra 5 01/02/2019 305184255 205985225 301528474 305885965 203366187 
coding 03/02/2019 351554820 306947996 231522974 321230203 200366978 hebrew 10 1
